DesignPt#,crn_across_solns,sample_size,initial_solution,budget,MacroRep#,Final Relative Optimality Gap,Area Under Progress Curve,0.05-Solve Time,0.05-Solved? (Y/N),0.1-Solve Time,0.1-Solved? (Y/N),0.2-Solve Time,0.2-Solved? (Y/N),0.5-Solve Time,0.5-Solved? (Y/N)
0,True,4,"(2.0, 2.0)",1000,0,-0.06453006845074573,-0.052641093884184954,0.008,1,0.008,1,0.008,1,0.008,1
0,True,4,"(2.0, 2.0)",1000,1,-0.07916575585994641,-0.0651505145293835,0.012,1,0.012,1,0.012,1,0.008,1
1,True,2,"(2.0, 2.0)",1000,0,-0.06453006845074573,-0.058585581167465345,0.004,1,0.004,1,0.004,1,0.004,1
1,True,2,"(2.0, 2.0)",1000,1,-0.08020187590832363,-0.07260026992076765,0.012,1,0.012,1,0.012,1,0.004,1
2,True,2,"(2.0, 2.0)",1000,0,-0.06453006845074573,-0.058585581167465345,0.004,1,0.004,1,0.004,1,0.004,1
2,True,2,"(2.0, 2.0)",1000,1,-0.08020187590832363,-0.07260026992076765,0.012,1,0.012,1,0.012,1,0.004,1
3,True,3,"(2.0, 2.0)",1000,0,-0.06453006845074573,-0.055613337525825146,0.006,1,0.006,1,0.006,1,0.006,1
3,True,3,"(2.0, 2.0)",1000,1,-0.08020187590832363,-0.06813619680450483,0.015,1,0.015,1,0.009,1,0.006,1
4,True,8,"(2.0, 2.0)",1000,0,-0.06412894157722208,-0.040947869231903716,0.016,1,0.016,1,0.016,1,0.016,1
4,True,8,"(2.0, 2.0)",1000,1,-0.07929158504231827,-0.04629851918926643,0.064,1,0.056,1,0.024,1,0.016,1
5,True,10,"(2.0, 2.0)",1000,0,-0.06412894157722208,-0.035152601145574114,0.02,1,0.02,1,0.02,1,0.02,1
5,True,10,"(2.0, 2.0)",1000,1,-0.07929158504231827,-0.049325248376923675,0.03,1,0.03,1,0.03,1,0.02,1
6,True,7,"(2.0, 2.0)",1000,0,-0.06412894157722208,-0.04384550327506851,0.014,1,0.014,1,0.014,1,0.014,1
6,True,7,"(2.0, 2.0)",1000,1,-0.07929158504231827,-0.059703985678286005,0.035,1,0.021,1,0.014,1,0.014,1
7,True,6,"(2.0, 2.0)",1000,0,-0.06412894157722208,-0.0467431373182333,0.012,1,0.012,1,0.012,1,0.012,1
7,True,6,"(2.0, 2.0)",1000,1,-0.07929158504231827,-0.06377101149998862,0.012,1,0.012,1,0.012,1,0.012,1
8,True,6,"(2.0, 2.0)",1000,0,-0.06412894157722208,-0.0467431373182333,0.012,1,0.012,1,0.012,1,0.012,1
8,True,6,"(2.0, 2.0)",1000,1,-0.07929158504231827,-0.06377101149998862,0.012,1,0.012,1,0.012,1,0.012,1
9,True,7,"(2.0, 2.0)",1000,0,-0.06412894157722208,-0.04384550327506851,0.014,1,0.014,1,0.014,1,0.014,1
9,True,7,"(2.0, 2.0)",1000,1,-0.07929158504231827,-0.059703985678286005,0.035,1,0.021,1,0.014,1,0.014,1
10,True,9,"(2.0, 2.0)",1000,0,-0.06412894157722208,-0.03805023518873891,0.018,1,0.018,1,0.018,1,0.018,1
10,True,9,"(2.0, 2.0)",1000,1,-0.07929158504231827,-0.055764332978308774,0.018,1,0.018,1,0.018,1,0.018,1
11,True,9,"(2.0, 2.0)",1000,0,-0.06412894157722208,-0.03805023518873891,0.018,1,0.018,1,0.018,1,0.018,1
11,True,9,"(2.0, 2.0)",1000,1,-0.07929158504231827,-0.055764332978308774,0.018,1,0.018,1,0.018,1,0.018,1
12,True,8,"(2.0, 2.0)",1000,0,-0.06412894157722208,-0.040947869231903716,0.016,1,0.016,1,0.016,1,0.016,1
12,True,8,"(2.0, 2.0)",1000,1,-0.07929158504231827,-0.04629851918926643,0.064,1,0.056,1,0.024,1,0.016,1
13,True,3,"(2.0, 2.0)",1000,0,-0.06453006845074573,-0.055613337525825146,0.006,1,0.006,1,0.006,1,0.006,1
13,True,3,"(2.0, 2.0)",1000,1,-0.08020187590832363,-0.06813619680450483,0.015,1,0.015,1,0.009,1,0.006,1
14,True,1,"(2.0, 2.0)",1000,0,-0.06544035931675107,-0.06197200715313797,0.002,1,0.002,1,0.002,1,0.002,1
14,True,1,"(2.0, 2.0)",1000,1,-0.08063058339312151,-0.0771212172615762,0.002,1,0.002,1,0.002,1,0.002,1
15,True,4,"(2.0, 2.0)",1000,0,-0.06453006845074573,-0.052641093884184954,0.008,1,0.008,1,0.008,1,0.008,1
15,True,4,"(2.0, 2.0)",1000,1,-0.07916575585994641,-0.0651505145293835,0.012,1,0.012,1,0.012,1,0.008,1
16,True,5,"(2.0, 2.0)",1000,0,-0.06453006845074573,-0.04966885024254476,0.01,1,0.01,1,0.01,1,0.01,1
16,True,5,"(2.0, 2.0)",1000,1,-0.07829297937072967,-0.062003488255335665,0.01,1,0.01,1,0.01,1,0.01,1
